[Variables]
ercf_calib_0 = 1.0
ercf_calib_1 = 1.00459183801
ercf_calib_2 = 1.00459183801
ercf_calib_3 = 1.00190474907
ercf_calib_4 = 696.824752976
ercf_calib_ref = 1039.110747

